 -1.0000000e+001  4.3936550e+001 -1.0000000e+001  7.6459434e+001
 -9.9000000e+000  3.9600214e+001 -9.9000000e+000  7.1260499e+001
 -9.8000000e+000  3.9165154e+001 -9.8000000e+000  7.0879123e+001
 -9.7000000e+000  3.2316019e+001 -9.7000000e+000  6.5549629e+001
 -9.6000000e+000  3.6087175e+001 -9.6000000e+000  6.1209709e+001
 -9.5000000e+000  2.9849921e+001 -9.5000000e+000  5.6507198e+001
 -9.4000000e+000  3.0942980e+001 -9.4000000e+000  5.3530793e+001
 -9.3000000e+000  2.4847936e+001 -9.3000000e+000  4.8485648e+001
 -9.2000000e+000  2.8270774e+001 -9.2000000e+000  4.7901779e+001
 -9.1000000e+000  2.6019826e+001 -9.1000000e+000  4.2203517e+001
 -9.0000000e+000  2.0827322e+001 -9.0000000e+000  3.8834106e+001
 -8.9000000e+000  2.4070356e+001 -8.9000000e+000  3.4749074e+001
 -8.8000000e+000  2.2582801e+001 -8.8000000e+000  3.3261470e+001
 -8.7000000e+000  1.6537880e+001 -8.7000000e+000  3.0503157e+001
 -8.6000000e+000  1.9411619e+001 -8.6000000e+000  2.5144253e+001
 -8.5000000e+000  1.8247831e+001 -8.5000000e+000  2.5953210e+001
 -8.4000000e+000  1.4784394e+001 -8.4000000e+000  2.0285764e+001
 -8.3000000e+000  1.5259167e+001 -8.3000000e+000  1.8331976e+001
 -8.2000000e+000  1.7432366e+001 -8.2000000e+000  1.8523870e+001
 -8.1000000e+000  1.3814243e+001 -8.1000000e+000  1.3258172e+001
 -8.0000000e+000  1.1016775e+001 -8.0000000e+000  1.2531578e+001
 -7.9000000e+000  1.3768055e+001 -7.9000000e+000  9.2321348e+000
 -7.8000000e+000  1.4894281e+001 -7.8000000e+000  6.9023354e+000
 -7.7000000e+000  1.1091631e+001 -7.7000000e+000  9.1328861e+000
 -7.6000000e+000  9.3603002e+000 -7.6000000e+000  4.4947698e+000
 -7.5000000e+000  1.2745520e+001 -7.5000000e+000  3.7725745e+000
 -7.4000000e+000  1.2659065e+001 -7.4000000e+000 -2.5486729e-001
 -7.3000000e+000  8.8446764e+000 -7.3000000e+000 -1.6235606e+000
 -7.2000000e+000  1.0655901e+001 -7.2000000e+000 -1.5854386e+000
 -7.1000000e+000  6.2844486e+000 -7.1000000e+000 -2.8945948e+000
 -7.0000000e+000  6.6607767e+000 -7.0000000e+000 -3.9650325e+000
 -6.9000000e+000  5.5895834e+000 -6.9000000e+000 -3.2027490e+000
 -6.8000000e+000  4.7824768e+000 -6.8000000e+000 -5.6628361e+000
 -6.7000000e+000  7.4554448e+000 -6.7000000e+000 -4.1748633e+000
 -6.6000000e+000  5.6252743e+000 -6.6000000e+000 -4.8333294e+000
 -6.5000000e+000  4.0139672e+000 -6.5000000e+000 -7.6217804e+000
 -6.4000000e+000  8.0629741e+000 -6.4000000e+000 -9.6652570e+000
 -6.3000000e+000  6.5853399e+000 -6.3000000e+000 -9.1489226e+000
 -6.2000000e+000  8.4117673e+000 -6.2000000e+000 -1.1539990e+001
 -6.1000000e+000  6.2873060e+000 -6.1000000e+000 -1.1416785e+001
 -6.0000000e+000  8.5429643e+000 -6.0000000e+000 -9.0488993e+000
 -5.9000000e+000  7.0696774e+000 -5.9000000e+000 -9.4187886e+000
 -5.8000000e+000  8.0858863e+000 -5.8000000e+000 -1.4572514e+001
 -5.7000000e+000  6.6690612e+000 -5.7000000e+000 -9.6996048e+000
 -5.6000000e+000  3.6732593e+000 -5.6000000e+000 -1.5577259e+001
 -5.5000000e+000  2.4822497e+000 -5.5000000e+000 -1.5442306e+001
 -5.4000000e+000  5.9465856e+000 -5.4000000e+000 -1.1594545e+001
 -5.3000000e+000  6.5761448e+000 -5.3000000e+000 -1.4032745e+001
 -5.2000000e+000  2.5078947e+000 -5.2000000e+000 -1.5120092e+001
 -5.1000000e+000  3.3827554e+000 -5.1000000e+000 -1.1421908e+001
 -5.0000000e+000  4.3255355e+000 -5.0000000e+000 -1.1311446e+001
 -4.9000000e+000  5.5348819e+000 -4.9000000e+000 -1.1803646e+001
 -4.8000000e+000  4.8051758e+000 -4.8000000e+000 -1.4292486e+001
 -4.7000000e+000  1.4758032e+000 -4.7000000e+000 -1.0479093e+001
 -4.6000000e+000  6.9028083e+000 -4.6000000e+000 -1.4202160e+001
 -4.5000000e+000  4.4529993e+000 -4.5000000e+000 -1.2601886e+001
 -4.4000000e+000  4.3888271e+000 -4.4000000e+000 -1.4459371e+001
 -4.3000000e+000  4.3446853e+000 -4.3000000e+000 -1.2035246e+001
 -4.2000000e+000  4.4307926e+000 -4.2000000e+000 -1.3397931e+001
 -4.1000000e+000  1.5885523e+000 -4.1000000e+000 -1.0780731e+001
 -4.0000000e+000  9.3266795e-001 -4.0000000e+000 -1.4265388e+001
 -3.9000000e+000  3.1599215e+000 -3.9000000e+000 -1.3810066e+001
 -3.8000000e+000  2.2714367e+000 -3.8000000e+000 -1.2884231e+001
 -3.7000000e+000  4.7312891e+000 -3.7000000e+000 -1.2451127e+001
 -3.6000000e+000  6.4692395e+000 -3.6000000e+000 -1.2260411e+001
 -3.5000000e+000  2.0019539e+000 -3.5000000e+000 -1.1137965e+001
 -3.4000000e+000  5.0856325e+000 -3.4000000e+000 -1.1230189e+001
 -3.3000000e+000  4.4567498e+000 -3.3000000e+000 -1.1651817e+001
 -3.2000000e+000  3.6459689e+000 -3.2000000e+000 -1.0958999e+001
 -3.1000000e+000  5.8044006e+000 -3.1000000e+000 -1.0756466e+001
 -3.0000000e+000  4.3777427e+000 -3.0000000e+000 -6.7043522e+000
 -2.9000000e+000  3.6131676e+000 -2.9000000e+000 -8.2388548e+000
 -2.8000000e+000  8.6669806e-001 -2.8000000e+000 -6.5157735e+000
 -2.7000000e+000  4.7747683e-001 -2.7000000e+000 -7.7387611e+000
 -2.6000000e+000  6.0505658e+000 -2.6000000e+000 -3.3768698e+000
 -2.5000000e+000  4.6676271e+000 -2.5000000e+000 -7.5699480e+000
 -2.4000000e+000  5.6017060e+000 -2.4000000e+000 -4.0422069e+000
 -2.3000000e+000  5.6139890e+000 -2.3000000e+000 -1.0452349e+000
 -2.2000000e+000  4.9942187e+000 -2.2000000e+000 -1.4877330e+000
 -2.1000000e+000  3.4263959e+000 -2.1000000e+000 -7.2080509e-001
 -2.0000000e+000  2.2572677e+000 -2.0000000e+000 -2.6247720e+000
 -1.9000000e+000  1.8762455e+000 -1.9000000e+000  1.5441791e+000
 -1.8000000e+000  3.0278343e+000 -1.8000000e+000 -1.5212594e+000
 -1.7000000e+000  2.2287537e-001 -1.7000000e+000  2.1739632e+000
 -1.6000000e+000  2.7112930e+000 -1.6000000e+000  1.9243661e+000
 -1.5000000e+000  4.4622285e+000 -1.5000000e+000  6.3031741e-001
 -1.4000000e+000  2.6100266e+000 -1.4000000e+000  1.7597631e+000
 -1.3000000e+000  3.7673928e+000 -1.3000000e+000  1.2640350e+000
 -1.2000000e+000  3.6790377e+000 -1.2000000e+000  5.0688986e-001
 -1.1000000e+000  5.9997523e+000 -1.1000000e+000  5.1055788e+000
 -1.0000000e+000  1.7789201e+000 -1.0000000e+000  3.7968153e+000
 -9.0000000e-001  3.7526336e-001 -9.0000000e-001  2.3598665e+000
 -8.0000000e-001  5.3384827e+000 -8.0000000e-001  4.9629551e+000
 -7.0000000e-001  5.4381542e+000 -7.0000000e-001  8.0241514e+000
 -6.0000000e-001  2.3398107e+000 -6.0000000e-001  5.7498315e+000
 -5.0000000e-001  9.9885080e-001 -5.0000000e-001  7.5783449e+000
 -4.0000000e-001  1.1194681e+000 -4.0000000e-001  6.9074753e+000
 -3.0000000e-001  1.0789440e+000 -3.0000000e-001  5.3403044e+000
 -2.0000000e-001  3.6722140e+000 -2.0000000e-001  7.2294442e+000
 -1.0000000e-001  5.2090155e+000 -1.0000000e-001  7.4003351e+000
  0.0000000e+000  3.6467699e-001  0.0000000e+000  6.1103542e+000
  1.0000000e-001  3.6408884e+000  1.0000000e-001  7.5338058e+000
  2.0000000e-001  1.5876454e+000  2.0000000e-001  1.2223439e+001
  3.0000000e-001  1.4129399e+000  3.0000000e-001  1.1814750e+001
  4.0000000e-001  4.4742466e+000  4.0000000e-001  8.2382368e+000
  5.0000000e-001  1.2040962e+000  5.0000000e-001  9.1148208e+000
  6.0000000e-001  7.4973310e-001  6.0000000e-001  1.4243367e+001
  7.0000000e-001  2.8297333e+000  7.0000000e-001  1.4262743e+001
  8.0000000e-001  1.2768541e+000  8.0000000e-001  1.1281573e+001
  9.0000000e-001  2.3503008e+000  9.0000000e-001  1.2453951e+001
  1.0000000e+000  1.2256210e+000  1.0000000e+000  1.4306977e+001
  1.1000000e+000  5.4487312e+000  1.1000000e+000  1.2880238e+001
  1.2000000e+000  1.4146632e+000  1.2000000e+000  1.3818639e+001
  1.3000000e+000  3.3966147e+000  1.3000000e+000  1.6581841e+001
  1.4000000e+000  1.1384610e+000  1.4000000e+000  1.4129060e+001
  1.5000000e+000  2.8439439e+000  1.5000000e+000  1.6289919e+001
  1.6000000e+000  5.0981405e+000  1.6000000e+000  1.6026519e+001
  1.7000000e+000  3.0066444e+000  1.7000000e+000  1.2771780e+001
  1.8000000e+000  5.4581045e+000  1.8000000e+000  1.6765821e+001
  1.9000000e+000  4.1300062e+000  1.9000000e+000  1.2274655e+001
  2.0000000e+000  3.4903187e+000  2.0000000e+000  1.6692936e+001
  2.1000000e+000  3.3264549e+000  2.1000000e+000  1.5449052e+001
  2.2000000e+000  2.7804185e+000  2.2000000e+000  1.4644178e+001
  2.3000000e+000  5.1151835e+000  2.3000000e+000  1.7257007e+001
  2.4000000e+000  4.1099261e+000  2.4000000e+000  1.7058462e+001
  2.5000000e+000  1.3798040e+000  2.5000000e+000  1.5549432e+001
  2.6000000e+000  6.2780321e+000  2.6000000e+000  1.7881413e+001
  2.7000000e+000  3.2410730e+000  2.7000000e+000  1.7889179e+001
  2.8000000e+000  3.3864800e+000  2.8000000e+000  1.7914748e+001
  2.9000000e+000  4.9379149e+000  2.9000000e+000  1.6032467e+001
  3.0000000e+000  4.4237565e+000  3.0000000e+000  1.4000724e+001
  3.1000000e+000  4.7530028e+000  3.1000000e+000  1.6498959e+001
  3.2000000e+000  1.7616323e+000  3.2000000e+000  1.8410339e+001
  3.3000000e+000  2.7553005e+000  3.3000000e+000  1.4638838e+001
  3.4000000e+000  2.5645216e+000  3.4000000e+000  1.4956572e+001
  3.5000000e+000  5.5715489e+000  3.5000000e+000  1.4725820e+001
  3.6000000e+000  6.4072925e+000  3.6000000e+000  1.7010632e+001
  3.7000000e+000  2.2864440e+000  3.7000000e+000  1.6725613e+001
  3.8000000e+000  6.4871680e+000  3.8000000e+000  1.4081614e+001
  3.9000000e+000  4.2899232e+000  3.9000000e+000  1.7472237e+001
  4.0000000e+000  1.8447395e+000  4.0000000e+000  1.2628597e+001
  4.1000000e+000  3.5524307e+000  4.1000000e+000  1.2361832e+001
  4.2000000e+000  1.5702758e+000  4.2000000e+000  1.7584744e+001
  4.3000000e+000  5.0815511e+000  4.3000000e+000  1.5337601e+001
  4.4000000e+000  5.4926565e+000  4.4000000e+000  1.6009327e+001
  4.5000000e+000  3.8852531e+000  4.5000000e+000  1.2051391e+001
  4.6000000e+000  5.1745652e+000  4.6000000e+000  1.2843281e+001
  4.7000000e+000  5.4579938e+000  4.7000000e+000  1.0736133e+001
  4.8000000e+000  2.5053633e+000  4.8000000e+000  1.3852478e+001
  4.9000000e+000  2.1556171e+000  4.9000000e+000  1.5784183e+001
  5.0000000e+000  4.2875194e+000  5.0000000e+000  1.2671931e+001
  5.1000000e+000  7.4963164e+000  5.1000000e+000  1.1837676e+001
  5.2000000e+000  6.8878364e+000  5.2000000e+000  1.2556788e+001
  5.3000000e+000  1.9469095e+000  5.3000000e+000  9.7454370e+000
  5.4000000e+000  7.5230785e+000  5.4000000e+000  1.3519534e+001
  5.5000000e+000  7.3145049e+000  5.5000000e+000  1.0990822e+001
  5.6000000e+000  3.3660594e+000  5.6000000e+000  9.2685021e+000
  5.7000000e+000  8.1278702e+000  5.7000000e+000  1.0411026e+001
  5.8000000e+000  3.9174706e+000  5.8000000e+000  9.4539177e+000
  5.9000000e+000  6.3159651e+000  5.9000000e+000  9.3324901e+000
  6.0000000e+000  5.8434259e+000  6.0000000e+000  7.3251970e+000
  6.1000000e+000  5.8880079e+000  6.1000000e+000  8.4100151e+000
  6.2000000e+000  4.5997004e+000  6.2000000e+000  9.4716008e+000
  6.3000000e+000  3.7176018e+000  6.3000000e+000  7.2724485e+000
  6.4000000e+000  4.5755439e+000  6.4000000e+000  8.4141684e+000
  6.5000000e+000  7.7998063e+000  6.5000000e+000  8.6125617e+000
  6.6000000e+000  8.3096263e+000  6.6000000e+000  8.8022861e+000
  6.7000000e+000  9.5022965e+000  6.7000000e+000  8.7017917e+000
  6.8000000e+000  6.2729054e+000  6.8000000e+000  7.1487427e+000
  6.9000000e+000  5.1095341e+000  6.9000000e+000  6.2153948e+000
  7.0000000e+000  8.6663859e+000  7.0000000e+000  5.6027564e+000
  7.1000000e+000  6.8779835e+000  7.1000000e+000  7.8654330e+000
  7.2000000e+000  1.1597379e+001  7.2000000e+000  6.2827565e+000
  7.3000000e+000  8.1453354e+000  7.3000000e+000  8.0559528e+000
  7.4000000e+000  8.3161994e+000  7.4000000e+000  8.7212890e+000
  7.5000000e+000  1.0529893e+001  7.5000000e+000  8.6944580e+000
  7.6000000e+000  9.4689071e+000  7.6000000e+000  7.8013597e+000
  7.7000000e+000  8.5762589e+000  7.7000000e+000  5.2937349e+000
  7.8000000e+000  1.4922802e+001  7.8000000e+000  6.6380216e+000
  7.9000000e+000  1.5081387e+001  7.9000000e+000  6.7631450e+000
  8.0000000e+000  1.6111865e+001  8.0000000e+000  6.3041427e+000
  8.1000000e+000  1.6137702e+001  8.1000000e+000  4.2562646e+000
  8.2000000e+000  1.4119502e+001  8.2000000e+000  5.4670773e+000
  8.3000000e+000  1.3187098e+001  8.3000000e+000  8.6477141e+000
  8.4000000e+000  1.7917930e+001  8.4000000e+000  5.0105701e+000
  8.5000000e+000  1.8549083e+001  8.5000000e+000  4.7519068e+000
  8.6000000e+000  1.8061052e+001  8.6000000e+000  6.9264787e+000
  8.7000000e+000  1.7374352e+001  8.7000000e+000  6.2341689e+000
  8.8000000e+000  1.9496279e+001  8.8000000e+000  9.2100581e+000
  8.9000000e+000  2.2952555e+001  8.9000000e+000  8.6410332e+000
  9.0000000e+000  2.3195234e+001  9.0000000e+000  8.7796565e+000
  9.1000000e+000  2.5970099e+001  9.1000000e+000  6.8502058e+000
  9.2000000e+000  2.6936738e+001  9.2000000e+000  5.4425022e+000
  9.3000000e+000  2.5044539e+001  9.3000000e+000  7.7058444e+000
  9.4000000e+000  3.2304216e+001  9.4000000e+000  1.0715861e+001
  9.5000000e+000  2.9238517e+001  9.5000000e+000  8.0592477e+000
  9.6000000e+000  3.2855072e+001  9.6000000e+000  1.3002861e+001
  9.7000000e+000  3.5531311e+001  9.7000000e+000  7.9655435e+000
  9.8000000e+000  3.8321564e+001  9.8000000e+000  1.3400696e+001
  9.9000000e+000  4.1628146e+001  9.9000000e+000  1.0417751e+001
  1.0000000e+001  4.3946845e+001  1.0000000e+001  1.1523529e+001